G     13
Human      0.0000 168.0000 195.0000 3.0000 302.0000 114.0000 0.0000 75.0000 70.0000 79.0000 22.0000 155.0000 8.0000
Frog       168.0000 0.0000 213.0000 138.0000 313.0000 166.0000 114.0000 179.0000 169.0000 170.0000 166.0000 198.0000 170.0000
Fish       195.0000 213.0000 0.0000 138.0000 299.0000 185.0000 110.0000 202.0000 201.0000 183.0000 199.0000 215.0000 198.0000
Gorilla    3.0000 138.0000 138.0000 0.0000 247.0000 94.0000 1.0000 62.0000 60.0000 63.0000 18.0000 122.0000 4.0000
Eel        302.0000 313.0000 299.0000 247.0000 0.0000 311.0000 209.0000 310.0000 303.0000 304.0000 301.0000 324.0000 299.0000
Chicken    114.0000 166.0000 185.0000 94.0000 311.0000 0.0000 77.0000 117.0000 115.0000 127.0000 114.0000 125.0000 115.0000
Chimpanzee 0.0000 114.0000 110.0000 1.0000 209.0000 77.0000 0.0000 54.0000 45.0000 51.0000 17.0000 104.0000 3.0000
Elephant   75.0000 179.0000 202.0000 62.0000 310.0000 117.0000 54.0000 0.0000 84.0000 88.0000 70.0000 136.0000 71.0000
Pig        70.0000 169.0000 201.0000 60.0000 303.0000 115.0000 45.0000 84.0000 0.0000 89.0000 65.0000 147.0000 66.0000
Mouse      79.0000 170.0000 183.0000 63.0000 304.0000 127.0000 51.0000 88.0000 89.0000 0.0000 78.0000 149.0000 76.0000
Macaque    22.0000 166.0000 199.0000 18.0000 301.0000 114.0000 17.0000 70.0000 65.0000 78.0000 0.0000 156.0000 18.0000
Crocodile  155.0000 198.0000 215.0000 122.0000 324.0000 125.0000 104.0000 136.0000 147.0000 149.0000 156.0000 0.0000 152.0000
Orangutan  8.0000 170.0000 198.0000 4.0000 299.0000 115.0000 3.0000 71.0000 66.0000 76.0000 18.0000 152.0000 0.0000

  13 Populations

Neighbor-Joining/UPGMA method version 3.695


 Neighbor-joining method

 Negative branch lengths allowed


  +Orangutan 
  ! 
  ! +Gorilla   
  ! ! 
  5-6 +--Macaque   
  ! ! ! 
  ! ! ! +Chimpanzee
  ! +-7 ! 
  !   ! !       +--------------------Frog      
  !   ! !    +--2 
  !   +-8    !  !   +--------------------Fish      
  !     !    !  +---1 
  !     ! +--4      +-------------------------------------------Eel       
  !     ! !  ! 
  !     ! !  !  +---------Chicken   
  !     +-9  +--3 
  !       !     +----------------Crocodile 
  !       ! 
  !       !  +--------Pig       
  !       +-10  
  !          !  +--------Elephant  
  !          +-11  
  !             +---------Mouse     
  ! 
  +Human     


remember: this is an unrooted tree!

Between        And            Length
-------        ---            ------
   5          Orangutan       3.21429
   5             6            3.64583
   6          Gorilla        -4.14583
   6             7            3.30000
   7          Macaque        13.95000
   7             8            8.37500
   8          Chimpanzee     -8.75000
   8             9            8.45833
   9             4           14.97917
   4             2           14.01562
   2          Frog           95.00000
   2             1           18.50000
   1          Fish           95.68182
   1          Eel           203.31818
   4             3           12.35938
   3          Chicken        47.23611
   3          Crocodile      77.76389
   9            10            2.57031
  10          Pig            41.08594
  10            11            1.41406
  11          Elephant       42.55469
  11          Mouse          45.44531
   5          Human           4.78571


(Orangutan:3.21429,(Gorilla:-4.14583,(Macaque:13.95000,(Chimpanzee:-8.75000,
(((Frog:95.00000,(Fish:95.68182,Eel:203.31818):18.50000):14.01562,
(Chicken:47.23611,Crocodile:77.76389):12.35938):14.97917,
(Pig:41.08594,(Elephant:42.55469,Mouse:45.44531):1.41406):2.57031):8.45833):8.37500):3.30000):3.64583,Human:4.78571);
